1     26.4488    113.373
2     26.6923    113.369
3     26.9666    113.369
4     27.2425    113.37
5     27.4994    113.341
6     27.703    113.22
7     28.0369    113.21
8     26.4207    113.648
9     26.6823    113.64
10     26.9619    113.641
11     27.2416    113.633
12     27.476    113.665
13     28.105    114.071
14     27.4909    114.15
15     27.6349    114.186
16     27.5914    114.506
17     27.4023    114.463
18     27.831    114.438
19     27.8456    114.733
20     27.4921    113.994
21     27.9697    114.064
22     27.9721    113.698
23     27.9767    113.515
24     27.639    113.524
25     27.7017    113.636
26     29.0654    113.243
27     29.0654    113.243
28     29.3089    113.254
29     30.993    113.631
30     29.7731    113.514
31     29.5515    113.523
32     29.0466    113.49
33     28.8393    113.448
34     29.2244    113.964
35     29.3858    113.007
36     29.7637    113.018
37     29.9943    113.018
38     30.1926    113.028
39     29.0475    112.956
